   100   101   102   103   104   105   106   107   108   109  
1  12.75 14.00 14.75 15.00 15.25 16.00 16.50 16.75 16.75 22.75
2  14.75 17.25 20.25 21.75 23.50 24.50 25.00 26.50 26.50 38.00
3  15.75 18.25 22.75 24.50 26.25 27.25 27.75 29.50 29.50 41.00
4  17.25 19.25 25.25 27.00 29.00 30.00 30.75 32.50 32.50 44.00
5  18.25 20.25 27.50 29.50 31.75 32.75 33.50 35.25 35.25 46.75
6  19.25 21.25 29.75 32.00 34.25 35.50 36.50 38.00 38.00 49.50
7  20.00 22.50 32.00 34.50 37.00 38.25 39.25 40.50 40.50 52.00
8  20.75 24.00 34.25 37.00 40.00 41.00 41.75 43.00 43.00 54.50
9  21.50 25.25 36.50 39.50 42.75 43.75 44.50 45.50 45.50 57.00
10 22.25 26.25 38.75 42.00 45.50 46.50 47.25 48.00 48.00 59.50
11 23.00 27.50 41.00 44.25 48.00 49.25 50.00 50.50 50.50 62.00
12 23.75 28.75 43.25 46.50 50.50 52.00 52.75 53.00 53.00 64.50
13 24.50 29.75 45.50 48.75 52.75 54.50 55.25 55.50 55.50 67.00
14 25.25 31.00 47.75 51.00 55.00 57.00 57.75 58.25 58.25 69.75
15 26.00 32.00 49.75 53.25 57.00 59.25 60.25 60.75 60.75 72.25
20 30.00 36.50 57.50 61.75 65.50 67.25 70.00 70.25 70.25 81.75
25 33.75 40.75 65.50 70.00 73.75 75.75 78.50 78.75 78.75 90.25
30 37.75 45.00 73.75 78.75 82.75 84.00 87.00 87.25 87.25 98.75
35 42.50 50.25 82.50 88.25 91.75 93.50 97.00 97.25 97.25 108.75
40 46.25 54.50 91.00 97.75 101.25 104.00 107.50 107.75 107.75 119.25
45 50.25 59.50 99.75 107.00 111.25 114.25 118.25 118.50 118.50 130.00
50 54.75 65.25 108.50 115.50 121.25 124.00 128.00 128.25 128.25 139.75